People 0: 
Tresholds = [96.23647425  0.          0.          0.          0.          0.
  0.          0.          0.          0.          0.          0.
  0.          0.          0.          0.          0.        ]
Centroid = [ 0.12162886 -0.03854371 -0.27154875  0.55274534  0.05880113 -0.93007222
  0.04793303  0.92304343  0.38590954 -0.27411406 -0.39952563  0.84422461
 -0.98856609 -0.67057511 -0.28871845 -0.83701458  0.20611777 -0.27337477
  0.27789323 -0.72665911 -0.39362341  0.01608703 -0.81903393 -0.60956338
 -1.31038191 -0.28691006  0.89295926  0.42545147  0.42787028 -0.14844426
  0.67038574 -0.25664217 -0.47878493  0.42676745 -0.30044435  1.00752165
 -0.13395102 -0.6782989  -0.03263163 -0.12592814  0.33484035 -1.19196019
  0.00639568 -0.41893431 -1.0323585   0.11150425 -0.84793126  0.46695175
 -0.3711709   0.32009296  0.20907382 -0.39598765 -0.01294081 -0.27897925
  1.26592704  1.05921782 -0.13771042  0.08011905 -0.52963017  0.09326858
 -0.54490239  0.22610483  0.68167514 -1.11943425]

People 1: 
Tresholds = [ 96.23647425 106.12440111   0.           0.           0.
   0.           0.           0.           0.           0.
   0.           0.           0.           0.           0.
   0.           0.        ]
Centroid = [ 0.20339522 -0.07605869 -0.20393464  0.40606573  0.13892391 -1.00229716
 -0.0895217   1.01147027  0.1671177  -0.20842157 -0.27129679  0.7683151
 -0.94915259 -0.70111387 -0.24395974 -0.73361271  0.12643437 -0.18756022
  0.36334101 -0.76313205 -0.30592118  0.06831806 -0.91234397 -0.67657591
 -1.43638066 -0.39486531  0.74216881  0.57145995  0.46118646 -0.11431038
  0.71149829 -0.2968459  -0.51657561  0.45090626 -0.40064823  1.10157459
 -0.17549419 -0.70839407 -0.05685768 -0.19347346  0.60500431 -1.34357543
  0.1117101  -0.53558343 -1.03372635  0.0218976  -0.68958977  0.33307783
 -0.43302908  0.37144904  0.17907162 -0.31864623  0.082373   -0.31665529
  1.3516686   1.09260207 -0.17359766 -0.10460144 -0.65249589  0.00258517
 -0.50476434  0.07881747  0.73538974 -1.16558415]

People 2: 
Tresholds = [ 96.23647425 106.12440111  90.98482384   0.           0.
   0.           0.           0.           0.           0.
   0.           0.           0.           0.           0.
   0.           0.        ]
Centroid = [ 0.07828993 -0.01704102 -0.07394964  0.44977617 -0.01155907 -0.81184684
 -0.01829117  0.90177721  0.386163   -0.48527593 -0.27272578  0.79054111
 -0.93599741 -0.69062767 -0.16316666 -0.70680844  0.15798882 -0.19975138
  0.42742217 -0.68118446 -0.50754056  0.12875698 -0.84812347 -0.75847102
 -1.27951458 -0.367711    0.76964216  0.33872447  0.52267204 -0.25368228
  0.6912006  -0.34772009 -0.3633974   0.33751294 -0.33894504  1.04320962
 -0.05817615 -0.71714009 -0.05668811 -0.18538038  0.56943977 -1.2792902
  0.14227059 -0.52523546 -0.81894803  0.03430871 -0.77973221  0.36618104
 -0.44984919  0.31857493  0.20123186 -0.32892498 -0.04201238 -0.31876253
  1.33722117  1.04861796  0.02874214  0.08806943 -0.40697966 -0.0344899
 -0.57775762  0.1815621   0.65959065 -0.97334125]

People 3: 
Tresholds = [ 96.23647425 106.12440111  90.98482384  93.85311176   0.
   0.           0.           0.           0.           0.
   0.           0.           0.           0.           0.
   0.           0.        ]
Centroid = [ 0.03002617  0.03458294  0.00263127  0.55143817 -0.05011213 -0.82420971
 -0.10178597  0.98949106  0.37031425 -0.4117992  -0.39610741  0.78224838
 -1.06594693 -0.53660655 -0.33296822 -0.83849904  0.18495086 -0.29406182
  0.29733515 -0.61948564 -0.37396832  0.020841   -0.89992903 -0.70625909
 -1.40656642 -0.3419202   0.81048479  0.49574227  0.38806267 -0.05250767
  0.64213628 -0.21952932 -0.51121241  0.46922243 -0.18605517  0.95472334
 -0.15273425 -0.74533765 -0.00890587 -0.0731459   0.36662207 -1.41006728
  0.08731331 -0.52090735 -0.81937602  0.00484683 -0.87398696  0.39463298
 -0.44254419  0.31906363  0.26326355 -0.17872611  0.06534666 -0.29659833
  1.54558279  1.01092316  0.0255009  -0.16021261 -0.54894602  0.13919799
 -0.50138778  0.16506513  0.59041332 -0.96541628]

People 4: 
Tresholds = [ 96.23647425 106.12440111  90.98482384  93.85311176  93.23520957
   0.           0.           0.           0.           0.
   0.           0.           0.           0.           0.
   0.           0.        ]
Centroid = [ 0.13333138 -0.0603508  -0.03616799  0.54065124  0.15183596 -0.89879035
  0.10823808  0.9794984   0.23173407 -0.40009022 -0.38259481  0.7974519
 -1.05748121 -0.72396955 -0.36681065 -0.88206459  0.23181079 -0.21544869
  0.36999116 -0.67698043 -0.28752907  0.0747166  -0.83050612 -0.69077196
 -1.42866494 -0.34327638  0.69530056  0.48074897  0.50414849 -0.09528692
  0.66479403 -0.28898613 -0.47027187  0.47390939 -0.30206889  1.14828381
 -0.13604295 -0.71062712  0.06812686 -0.17288358  0.54017262 -1.32483309
  0.13222307 -0.45779583 -0.86687452 -0.02390154 -0.71043274  0.24053308
 -0.50471618  0.39914478  0.19141243 -0.27731541  0.07161468 -0.44889771
  1.44385952  0.95866895 -0.09160148 -0.08833207 -0.56348148  0.05393738
 -0.45609662  0.20738809  0.61132046 -1.06010348]

People 5: 
Tresholds = [ 96.23647425 106.12440111  90.98482384  93.85311176  93.23520957
  87.70514949   0.           0.           0.           0.
   0.           0.           0.           0.           0.
   0.           0.        ]
Centroid = [ 1.13500454e-01 -5.21042058e-02 -1.65869544e-01  4.93963064e-01
  2.22107233e-01 -9.22118654e-01  1.39774766e-01  1.04776358e+00
  3.89003782e-01 -5.39919120e-01 -2.62834047e-01  8.46549151e-01
 -1.02001598e+00 -6.06840528e-01 -3.18109881e-01 -9.14837452e-01
  1.94730350e-01 -1.33814366e-01  4.50725762e-01 -6.57283333e-01
 -3.20843516e-01  1.21168892e-01 -6.74562232e-01 -6.42172651e-01
 -1.22147296e+00 -3.94604335e-01  6.93153587e-01  5.63613322e-01
  6.68021009e-01 -8.52258147e-02  6.01163688e-01 -4.36267785e-01
 -5.52005808e-01  5.00400836e-01 -4.70763381e-01  1.05670729e+00
 -2.06257015e-01 -9.04029082e-01  2.09531040e-02 -2.88762035e-01
  4.53432677e-01 -1.48008119e+00  1.10049153e-01 -4.27078782e-01
 -8.26025823e-01  1.09328306e-03 -8.17277579e-01  4.66111936e-01
 -4.99832913e-01  4.11718832e-01  2.34121239e-01 -4.09892067e-01
  1.34320315e-02 -3.10801495e-01  1.45581176e+00  9.72627430e-01
  1.63253162e-02  6.44178052e-02 -4.46077469e-01  1.68676072e-03
 -4.38855210e-01  2.56268084e-01  4.60869744e-01 -1.07620150e+00]

People 6: 
Tresholds = [ 96.23647425 106.12440111  90.98482384  93.85311176  93.23520957
  87.70514949 102.10793467   0.           0.           0.
   0.           0.           0.           0.           0.
   0.           0.        ]
Centroid = [ 0.1040275  -0.11522386 -0.1760333   0.54740808 -0.02749282 -0.87298485
 -0.08032614  0.89169719  0.35737338 -0.34421455 -0.27608011  0.70923716
 -0.88561445 -0.54350389 -0.30977251 -0.88243782  0.32152729 -0.31913344
  0.33883125 -0.78896103 -0.48587023 -0.02838673 -0.94220971 -0.65089868
 -1.3354678  -0.40475996  0.7306689   0.33251548  0.45502703 -0.18576092
  0.8257762  -0.25261104 -0.32138598  0.30981382 -0.3952935   1.13398319
 -0.05277361 -0.67701225  0.11389006 -0.2959938   0.55697591 -1.19595258
  0.08672669 -0.24011385 -0.8238862  -0.0533015  -0.70016241  0.319267
 -0.43939398  0.47334972  0.24117216 -0.45078897 -0.19300293 -0.32970252
  1.1543382   1.0671638  -0.03147959  0.02809465 -0.43155188 -0.00993623
 -0.62248277  0.12161901  0.60859917 -1.03887036]

People 7: 
Tresholds = [ 96.23647425 106.12440111  90.98482384  93.85311176  93.23520957
  87.70514949 102.10793467  98.8649151    0.           0.
   0.           0.           0.           0.           0.
   0.           0.        ]
Centroid = [-0.00897084 -0.04381021 -0.06165235  0.66588582 -0.00466134 -0.92208849
 -0.03924403  1.02979327  0.38972037 -0.30300662 -0.35574348  0.88846472
 -1.0630853  -0.5504358  -0.31529666 -0.98467101  0.21796377 -0.23678153
  0.28726937 -0.72606775 -0.48383872  0.0130246  -0.73840997 -0.76543977
 -1.3689328  -0.41819325  0.71855301  0.28315477  0.38255074 -0.1054108
  0.74253237 -0.3961422  -0.43821605  0.4607576  -0.38467477  1.08376255
 -0.10092619 -0.69226355  0.0375397  -0.1377495   0.35777007 -1.19034878
 -0.0410394  -0.43824588 -0.82012035  0.05922362 -0.9053482   0.39084348
 -0.49798806  0.56042309  0.36311042 -0.37179615 -0.06426687 -0.27043096
  1.38402049  1.17978355 -0.0022023  -0.00733349 -0.40289049  0.03423966
 -0.59360098  0.22468539  0.56365505 -1.24645977]

People 8: 
Tresholds = [ 96.23647425 106.12440111  90.98482384  93.85311176  93.23520957
  87.70514949 102.10793467  98.8649151   82.49788157   0.
   0.           0.           0.           0.           0.
   0.           0.        ]
Centroid = [ 1.08405682e-01 -8.63234231e-02 -1.16179967e-01  5.97419825e-01
  1.21526914e-01 -8.01674492e-01  2.04236582e-01  1.05416030e+00
  3.75125373e-01 -4.80891878e-01 -3.63327090e-01  6.45513741e-01
 -9.47966771e-01 -5.70675462e-01 -3.62675165e-01 -7.39685104e-01
  1.94644035e-01 -1.55438172e-01  4.11696083e-01 -7.71088216e-01
 -4.32029811e-01 -3.01040800e-02 -9.81969523e-01 -6.40670152e-01
 -1.24582287e+00 -2.90632696e-01  6.36248945e-01  4.39375218e-01
  6.19177659e-01 -1.27733445e-01  8.64121642e-01 -2.81580057e-01
 -3.78296673e-01  3.01384615e-01 -3.87368461e-01  1.07913703e+00
 -9.39964433e-02 -6.88268476e-01  4.76410573e-02 -1.67423079e-01
  5.77735437e-01 -1.32835515e+00 -4.19479748e-03 -3.50897085e-01
 -7.50920091e-01 -5.13176084e-04 -7.20200403e-01  2.86879638e-01
 -4.56218525e-01  3.48837357e-01  3.07754887e-01 -2.95956021e-01
  1.00779060e-01 -3.57444011e-01  1.36485436e+00  9.46079398e-01
 -1.79038329e-02 -5.80367704e-02 -5.44709630e-01  5.70519867e-02
 -5.64493689e-01  1.56975186e-01  6.13496185e-01 -1.02471111e+00]

People 9: 
Tresholds = [ 96.23647425 106.12440111  90.98482384  93.85311176  93.23520957
  87.70514949 102.10793467  98.8649151   82.49788157  97.53058909
   0.           0.           0.           0.           0.
   0.           0.        ]
Centroid = [-0.00813749 -0.04525106 -0.03263933  0.69985235  0.10471839 -0.76344309
 -0.02024793  1.10099297  0.41120276 -0.45396905 -0.27737344  0.81492833
 -1.14826428 -0.522558   -0.24356345 -0.95486325  0.20424168 -0.30852617
  0.37710973 -0.77196418 -0.41605679  0.10347948 -0.79246712 -0.82642722
 -1.32086981 -0.42514421  0.78681024  0.40871238  0.43269478 -0.29082607
  0.74730343 -0.33269764 -0.49720073  0.42169334 -0.43679071  1.07328714
 -0.06912885 -0.76571583 -0.06485906 -0.24004098  0.59762349 -1.33514879
  0.01375916 -0.33824823 -0.8473049   0.050257   -0.77515234  0.42766454
 -0.46354135  0.32355977  0.19124075 -0.33510752  0.03604287 -0.38747254
  1.3278987   1.16079333 -0.00843285 -0.07543817 -0.38553971 -0.05887713
 -0.61369823  0.21038368  0.55519013 -1.02411475]

People 10: 
Tresholds = [ 96.23647425 106.12440111  90.98482384  93.85311176  93.23520957
  87.70514949 102.10793467  98.8649151   82.49788157  97.53058909
  96.78301188   0.           0.           0.           0.
   0.           0.        ]
Centroid = [ 0.01983583 -0.03869561 -0.1763115   0.37038841  0.03900013 -0.80894969
  0.1309325   0.91418159  0.38757972 -0.37378273 -0.44974031  0.80182309
 -1.01971578 -0.70564713 -0.32244645 -0.81933906  0.14968285 -0.17528883
  0.31165489 -0.75686103 -0.45147677 -0.05782408 -0.68670446 -0.54020271
 -1.45654174 -0.32421828  0.80346473  0.41974296  0.37751478 -0.05652023
  0.65614696 -0.34524558 -0.46139875  0.52708    -0.24687274  1.09736407
 -0.20650039 -0.75155213  0.03755798 -0.21874978  0.40044554 -1.39302618
  0.06032825 -0.42722582 -1.02050139  0.11538751 -0.75311633  0.45047907
 -0.53476231  0.45091103  0.25780173 -0.30706169  0.09550273 -0.2578272
  1.30434918  1.01140373 -0.01735037 -0.05796048 -0.52553442 -0.0097313
 -0.47183296  0.28903111  0.84157699 -1.14358942]

People 11: 
Tresholds = [ 96.23647425 106.12440111  90.98482384  93.85311176  93.23520957
  87.70514949 102.10793467  98.8649151   82.49788157  97.53058909
  96.78301188 106.04207142   0.           0.           0.
   0.           0.        ]
Centroid = [ 0.28165616 -0.10068131 -0.24045844  0.40041154 -0.00320314 -0.95990352
  0.00320499  0.77636028  0.33072918 -0.31819555 -0.35046271  0.79199124
 -1.0000088  -0.6379759  -0.22916336 -0.82166481  0.0887257  -0.30629351
  0.18985425 -0.72614116 -0.35026225  0.03096284 -0.87771049 -0.48445026
 -1.36168587 -0.39167813  0.85079847  0.53784597  0.54491379 -0.07299952
  0.70344158 -0.3486292  -0.43109663  0.41765263 -0.42911821  1.14945613
 -0.21704762 -0.83945908  0.0396174  -0.19513187  0.5060736  -1.29699519
  0.11872403 -0.48723174 -0.98079143  0.02876781 -0.83165102  0.39761487
 -0.57718049  0.28719731  0.15419605 -0.31778997  0.05617673 -0.30011675
  1.34590793  0.91123074 -0.00972958 -0.09765707 -0.5667916   0.12796094
 -0.35501808  0.13183284  0.75007308 -1.06663328]

People 12: 
Tresholds = [ 96.23647425 106.12440111  90.98482384  93.85311176  93.23520957
  87.70514949 102.10793467  98.8649151   82.49788157  97.53058909
  96.78301188 106.04207142 106.21588796   0.           0.
   0.           0.        ]
Centroid = [ 0.0647258  -0.10044652 -0.07026     0.65060832  0.02874867 -0.92168312
  0.02324032  0.99146948  0.38715592 -0.51874336 -0.37921009  0.80052431
 -0.9009805  -0.56354802 -0.43425826 -0.89683892  0.30207415 -0.17783202
  0.3372362  -0.81975247 -0.47382106 -0.06363402 -0.83495736 -0.67866274
 -1.34817941 -0.18241123  0.69075854  0.302747    0.42755381 -0.09607361
  0.57612527 -0.24249912 -0.43829886  0.38732904 -0.31944467  1.01312912
 -0.07838859 -0.67493155  0.06754013 -0.1744839   0.4047066  -1.27254339
  0.0309992  -0.40707706 -0.8382682  -0.03350584 -0.85788315  0.31674963
 -0.365738    0.47529411  0.2240161  -0.33550251 -0.05334756 -0.30193617
  1.31369009  1.03584331 -0.10295723 -0.0547151  -0.49063548  0.04614088
 -0.54642071  0.16270819  0.44144201 -1.09117938]

People 13: 
Tresholds = [ 96.23647425 106.12440111  90.98482384  93.85311176  93.23520957
  87.70514949 102.10793467  98.8649151   82.49788157  97.53058909
  96.78301188 106.04207142 106.21588796 103.69094045   0.
   0.           0.        ]
Centroid = [ 0.01836237 -0.04854078 -0.06447861  0.57044671  0.0949555  -0.78286216
 -0.05977361  0.87812739  0.41390462 -0.37552546 -0.3422567   0.96281343
 -0.95571937 -0.64692394 -0.34643462 -0.90077672  0.2432612  -0.20102762
  0.39580675 -0.86287868 -0.42529385  0.04855775 -0.81070962 -0.72532856
 -1.2783893  -0.43248925  0.75027602  0.29616951  0.41352581 -0.08753786
  0.6324554  -0.41625264 -0.45442537  0.44335706 -0.5022419   1.02635796
 -0.17684406 -0.71894239  0.09425537 -0.18112778  0.48751732 -1.2742947
  0.08031557 -0.32957137 -0.86593385  0.02657792 -0.84595005  0.3595418
 -0.49466546  0.48487816  0.29967508 -0.39988327 -0.09852597 -0.24901409
  1.21732909  0.99853725 -0.03399972 -0.11353904 -0.45481179  0.04921663
 -0.54946628  0.25639888  0.53830588 -1.05517379]

People 14: 
Tresholds = [ 96.23647425 106.12440111  90.98482384  93.85311176  93.23520957
  87.70514949 102.10793467  98.8649151   82.49788157  97.53058909
  96.78301188 106.04207142 106.21588796 103.69094045  94.22417469
   0.           0.        ]
Centroid = [ 0.16990404 -0.03418673 -0.09607731  0.40247363  0.0428917  -0.68872855
  0.02771679  0.81648314  0.47339648 -0.52276104 -0.30999279  0.73432721
 -0.99361112 -0.63251193 -0.23419084 -0.83978471  0.30584823 -0.25004015
  0.35457856 -0.64158416 -0.43229755  0.0077636  -0.95566503 -0.71301905
 -1.26587007 -0.3222582   0.84461131  0.37491796  0.50815122 -0.17224931
  0.80592772 -0.48289912 -0.37875989  0.46461132 -0.44922981  1.00046084
 -0.00958526 -0.58756031 -0.04672982 -0.15593109  0.42794697 -1.32707883
  0.1193907  -0.53620921 -0.89251874  0.07788659 -0.8140595   0.42160186
 -0.4853258   0.22670921  0.1878412  -0.38012815 -0.12698059 -0.36772054
  1.35617905  1.15985039 -0.01179113  0.11973059 -0.55358545  0.15581622
 -0.58341239  0.21814757  0.67334027 -1.07318114]

People 15: 
Tresholds = [ 96.23647425 106.12440111  90.98482384  93.85311176  93.23520957
  87.70514949 102.10793467  98.8649151   82.49788157  97.53058909
  96.78301188 106.04207142 106.21588796 103.69094045  94.22417469
 105.34926214   0.        ]
Centroid = [ 0.07528146 -0.01907073 -0.20947736  0.35643549 -0.05003218 -0.93601363
 -0.19009393  0.80389291  0.37071648 -0.49262051 -0.34069107  0.88036535
 -1.01479531 -0.63260047 -0.17954573 -0.78972349  0.09712214 -0.20347265
  0.30877858 -0.66437411 -0.42079146  0.03674635 -0.80531333 -0.65580739
 -1.20121384 -0.41406832  0.82036711  0.47773437  0.46523653 -0.08428491
  0.57776583 -0.43573172 -0.52007461  0.48149922 -0.41903508  1.04519889
 -0.15243842 -0.74242472  0.15003527 -0.21184811  0.40232393 -1.22473642
  0.13204644 -0.42625981 -0.84028476 -0.01447167 -0.78000967  0.51219347
 -0.4762793   0.4385363   0.23264521 -0.344832   -0.13427619 -0.36056095
  1.31478599  1.07446778  0.00814973 -0.02585708 -0.50065991  0.19587354
 -0.47473405  0.15753421  0.52589821 -1.13745477]

People 16: 
Tresholds = [ 96.23647425 106.12440111  90.98482384  93.85311176  93.23520957
  87.70514949 102.10793467  98.8649151   82.49788157  97.53058909
  96.78301188 106.04207142 106.21588796 103.69094045  94.22417469
 105.34926214 105.04504212]
Centroid = [ 0.06116132 -0.05858103 -0.26418403  0.3931159   0.14096532 -0.82817996
 -0.06601224  0.78921185  0.38158306 -0.35398342 -0.38535564  0.69268189
 -0.99851526 -0.59971523 -0.18254564 -0.8922637   0.25059939 -0.23872733
  0.33457545 -0.59469761 -0.51874026 -0.11266361 -0.88017394 -0.58617077
 -1.32456951 -0.32274845  0.77245163  0.44200191  0.48309358 -0.04119079
  0.66325583 -0.47636621 -0.54975734  0.50800668 -0.4765086   1.20796758
 -0.16284205 -0.7518826   0.09923824 -0.18387461  0.48948768 -1.33582989
  0.13850598 -0.37789994 -1.08493768  0.02316378 -0.80731618  0.3930676
 -0.60149098  0.45798065  0.22265391 -0.48955258  0.01520643 -0.29161183
  1.35482261  0.98405634  0.11778698 -0.06762191 -0.50721615  0.0433241
 -0.39170152  0.20471347  0.74493606 -1.16950184]
